0.0  0.0  0.0

-1.0
 
-1.0  1.0

-1.0  1.0

0.5  0.5  0.5

1.0  1.0  1.0

1

500 500

0

4

 2.0  2.0  -5.0  2.0    1.0  0.0  0.0    0.0  0.0  0.0   0.0  0.0  0.0   
 0.0  0.0  0.0         0.0  0.0  0.0    20.0   1.0   0   0  

 0.8  0.8  -2.0  0.4    0.0  1.0  0.0    0.0  0.0  0.0   0.0  0.0  0.0   
 0.0  0.0  0.0         0.0  0.0  0.0    20.0   1.0   0   0  

 -2.0  -2.0  -5.0  2.0    1.0  0.0  0.0    0.0  0.0  0.0   0.0  0.0  0.0   
  0.0  0.0  0.0         0.0  0.0  0.0    20.0   1.0   0   0  

 -0.8  -0.8  -2.0  0.4    0.0  1.0  0.0    0.0  0.0  0.0   0.0  0.0  0.0   
 0.0  0.0  0.0         0.0  0.0  0.0    20.0   1.0   0   0  

0
