0.0  0.0  0.0

-2.0
 
-1.0  1.0

-1.0  1.0

0.4  0.4  0.4

0.75  0.75  0.75  

3

500 500

2

 6.0   7.5   -5.0     1.0  1.0  1.0      1.0  0.0  0.0
-6.0   7.5   -5.0     1.0  1.0  1.0      1.0  0.0  0.0

3

0.0  0.0  -15.0  5.0    0.35  0.0  0.35    0.35  0.0  0.35   0.3  0.3  0.3   
0.0  0.0  0.0          0.0  0.0  0.0       100.0   1.0   0   0   

-2.0  0.0  -7.0  1.0    0.0  0.0  0.0      0.1  0.1  0.1     0.3  0.3  0.3  
0.0  0.0  0.0          1.0  1.0  1.0       100.0   1.03   0   1   

2.0  0.0  -7.0  1.0    0.0  0.0  0.0      0.1  0.1  0.1      0.3  0.3  0.3  
0.0  0.0  0.0          1.0  1.0  1.0       100.0   1.03   0   1   


0
