0.0  0.0  0.0

-2.0
 
-1.0  1.0

-1.0  1.0

0.4  0.4  0.4

0.1  0.1  0.1

2

500 500

4

4.5   2.5    -12.5     1.1  1.1  1.1      1.0  0.0  0.0 
-4.5   2.5    -12.5     1.1  1.1  1.1      1.0  0.0  0.0 
4.5   2.5    0.0     .8  .8  .8      1.0  0.0  0.0 
-4.5   2.5    0.0     .8  .8  .8      1.0  0.0  0.0 

1

0.0  1.5  -8.0  1.5     0.0  0.5  0.5    0.0  0.5  0.5   0.35  0.35  0.35   
0.0  0.0  0.0          0.0  0.0  0.0       10.0   1.0   0   0  

2

0.5  0.0  -1.0  15.0     0.0  0.0  0.0       0.0  0.0  0.0    0.0  0.0  0.0  
1.0  1.0  1.0          0.0  0.0  0.0       1.0    1.0   1   0  
0.0  0.0  0.0          0.0  0.0  0.0 

-0.5  0.0  -1.0  15.0     0.0  0.0  0.0       0.0  0.0  0.0    0.0  0.0  0.0  
1.0  1.0  1.0          0.0  0.0  0.0       1.0    1.0   1   0  
0.0  0.0  0.0          0.0  0.0  0.0 
