0.0  0.0  0.0

-2.0
 
-1.0  1.0

-1.0  1.0

0.4  0.4  0.4

0.0  0.0  0.0

1

500 500

1

0.0   0.0   0.0     8.0  8.0  8.0      1.0  0.0  0.0 

0

5

0.0  0.0  -1.0  20.0    0.25  0.25  0.25    0.05  0.05  0.05    0.05  0.05  0.05   
0.0  0.0  0.0          0.0  0.0  0.0       1.0   1.0   0   0  
0.0  0.0  0.0          0.0  0.0  0.0 

0.0  1.0  0.0  5.0    0.25  0.25  0.0    0.25  0.25  0.0    0.3  0.3  0.0   
0.0  0.0  0.0          0.0  0.0  0.0       1.0   1.0   0   0  
0.0  0.0  0.0          0.0  0.0  0.0 

0.0  -1.0  0.0  5.0    0.25  0.25  0.0    0.25  0.25  0.0    0.3  0.3  0.0   
0.0  0.0  0.0          0.0  0.0  0.0       1.0   1.0   0   0  
0.0  0.0  0.0          0.0  0.0  0.0 

1.0  0.0  0.0  5.0    0.0  0.25  0.25    0.0  0.25  0.25    0.0  0.3  0.3   
0.0  0.0  0.0          0.0  0.0  0.0       1.0   1.0   0   0  
0.0  0.0  0.0          0.0  0.0  0.0 

-1.0  0.0  0.0  5.0    0.0  0.25  0.25    0.0  0.25  0.25    0.0  0.3  0.3   
0.0  0.0  0.0          0.0  0.0  0.0       1.0   1.0   0   0  
0.0  0.0  0.0          0.0  0.0  0.0 

