0.0  0.0  0.0

-3.5
 
-1.0  1.0

-1.0  1.0

0.4 0.4 0.4

0.4 0.4 0.4

500

500 500

2

2.5   0.0   0.0     1.2  1.2  1.2      1.0  0.0  0.0 
-2.5   0.0   0.0     1.2  1.2  1.2      1.0  0.0  0.0 

2

1.5  -4.0  0.0  1.0     0.7  0.0  0.5    0.35  0.0  0.25   .5  .5  .5   
0.0  0.0  0.0          0.0  0.0  0.0       100.0   1.0   0   0  

-1.5  -4.0  0.0  1.0     0.7  0.0  0.5    0.35  0.0  0.25   .5  .5  .5   
0.0  0.0  0.0          0.0  0.0  0.0       100.0   1.0   0   0  


6

0.0  0.0  -1.0  10.0    0.0  0.0  0.0    0.0  0.0  0.0    0.0  0.0  0.0   
1.0  1.0  1.0          0.0  0.0  0.0       1.0   1.0   1   0  
0.0  0.0  0.0          0.0  0.0  0.0 

0.0  0.0  1.0  10.0     0.0  0.0  0.0    0.0  0.0  0.0    0.0  0.0  0.0   
1.0  1.0  1.0          0.0  0.0  0.0       1.0   1.0   1   0  
0.0  0.0  0.0          0.0  0.0  0.0 

0.0  1.0  0.0  5.0      0.0  0.35  0.25    0.0  0.35  0.25    0.0  0.0  0.0   
0.0  0.0  0.0          0.0  0.0  0.0       1.0   1.0   0   0  
0.0  0.0  0.0          0.0  0.0  0.0 

0.0  -1.0  0.0  5.0    0.0  0.35  0.25    0.0  0.35  0.25    0.0  0.0  0.0   
0.0  0.0  0.0          0.0  0.0  0.0       1.0   1.0   0   0  
0.0  0.0  0.0          0.0  0.0  0.0 

1.0  0.0  0.0  5.0      0.35  0.0  0.25    0.35  0.0  0.25    0.0  0.0  0.0   
0.0  0.0  0.0          0.0  0.0  0.0       1.0   1.0   0   0  
0.0  0.0  0.0          0.0  0.0  0.0 

-1.0  0.0  0.0  5.0    0.35  0.0  0.25    0.35  0.0  0.25    0.0  0.0  0.0   
0.0  0.0  0.0          0.0  0.0  0.0       1.0   1.0   0   0  
0.0  0.0  0.0          0.0  0.0  0.0 

