0.0  0.0  0.0

-2.0
 
-1.0  1.0

-1.0  1.0

0.0  0.0  0.0

1.0 1.0 1.0

3

500 500

2

5.0   5.0   -2.5     1.0  1.0  1.0      1.0  0.0  0.0
-5.0   5.0   -2.5     1.0  1.0  1.0      1.0  0.0  0.0

1

0.0  0.0  -7.0  2.5    0.0  0.0  0.0      0.05  0.05  0.05      0.5  0.5  0.5  
0.0  0.0  0.0          1.0  1.0  1.0       100.0   1.1   0   1

1

0.0  0.0  -1.0  10.0    0.0  0.0  1.0    0.0  0.0  0.0    0.0  0.0  0.0   
0.0  0.0  0.0         0.0  0.0  0.0       1.0   1.0   0   0   
1.0  0.0  0.0          0.0  1.0  0.0 