0.0  0.0  0.0

-2.0
 
-1.0  1.0

-1.0  1.0

0.0  0.0  0.0

0.8  0.8  0.8

1

500 500

2

-4.5  4.5  6.0    1.0 1.0 1.0     1.0 0.0 0.0 
 4.5  4.5  6.0    1.0 1.0 1.0     1.0 0.0 0.0

1

-0.0  0.0  -7.50  1.0    0.00  0.3  0.3    0.0  0.3  0.3   0.3  0.3  0.3   
 0.0  0.0  0.0           0.0  0.0  0.0     20.0      1.0   0    0  

5

 0.0  0.0  -1.0  20.0   0.5  0.5  0.5   0.05  0.05  0.05  0.05  0.05  0.05   
 0.0  0.0  0.0          0.0  0.0  0.0   1.0  1.0   0   0
 0.0  0.0  0.0          0.0  0.0  0.0 

 0.0  1.0  0.0  5.0     0.5  0.5  0.0   0.5  0.5  0.0  0.6  0.6  0.0   
 0.0  0.0  0.0          0.0  0.0  0.0   1.0  1.0  0    0  
 0.0  0.0  0.0          0.0  0.0  0.0 

 0.0  -1.0  0.0  5.0    0.5  0.5  0.0   0.5  0.5  0.0  0.6  0.6  0.0   
 0.0  0.0  0.0          0.0  0.0  0.0   1.0  1.0  0    0  
 0.0  0.0  0.0          0.0  0.0  0.0 

 1.0  0.0  0.0  5.0    0.0  0.5  0.5    0.0  0.5  0.5  0.0  0.6  0.6   
 0.0  0.0  0.0         0.0  0.0  0.0    1.0  1.0  0    0  
 0.0  0.0  0.0         0.0  0.0  0.0 

-1.0  0.0  0.0  5.0    0.0  0.5  0.5    0.0  0.5  0.5  0.0  0.6  0.6   
 0.0  0.0  0.0         0.0  0.0  0.0    1.0  1.0  0    0  
 0.0  0.0  0.0         0.0  0.0  0.0 
