0.0  0.0  0.0

-2.0
 
-1.0  1.0

-1.0  1.0

0.0  0.0  0.0

0.5  0.5  0.5

2

500 500

4

5.0   7.5   -5.0     1.0  1.0  1.0      1.0  0.0  0.0
-5.0   7.5   -5.0     1.0  1.0  1.0      1.0  0.0  0.0
3.0   2.5   -15.0     1.0  1.0  1.0      1.0  0.0  0.0
-3.0   2.5   -15.0     1.0  1.0  1.0      1.0  0.0  0.0

3

0.0  -7.0  -18.0  8.0    0.4  0.4  0.4    0.0  0.0  0.0   0.5  0.5  0.5   
1.0  1.0  1.0            0.0  0.0  0.0      100.0   1.0   1   0   

2.5  2.0  -12.0  1.5      0.0  0.35  0.35    0.0  0.35  0.35   0.35  0.35  0.35   
0.0  0.0  0.0            0.0  0.0  0.0      20.0   1.0   0   0   

-2.5  2.0  -12.0  1.5    0.35  0.35  0.0    0.35  0.35  0.0   0.35  0.35  0.35   
0.0  0.0  0.0            0.0  0.0  0.0      20.0   1.0   0   0   

0
